# Matrizes 5x5
A5 = [
    [1.1, 2.2, 3.3, 4.4, 5.5],
    [6.6, 7.7, 8.8, 9.9, 10.1],
    [11.2, 12.3, 13.4, 14.5, 15.6],
    [16.7, 17.8, 18.9, 19.0, 20.1],
    [21.2, 22.3, 23.4, 24.5, 25.6]
]

B5 = [
    [5.5, 4.4, 3.3, 2.2, 1.1],
    [10.1, 9.9, 8.8, 7.7, 6.6],
    [15.6, 14.5, 13.4, 12.3, 11.2],
    [20.1, 19.0, 18.9, 17.8, 16.7],
    [25.6, 24.5, 23.4, 22.3, 21.2]
]

C5 = 5*[5*[0.0]]

# Matrizes 10x10
A10 = [
    [1.1, 2.2, 3.3, 4.4, 5.5, 6.6, 7.7, 8.8, 9.9, 10.1],
    [2.2, 3.3, 4.4, 5.5, 6.6, 7.7, 8.8, 9.9, 10.1, 11.2],
    [3.3, 4.4, 5.5, 6.6, 7.7, 8.8, 9.9, 10.1, 11.2, 12.3],
    [4.4, 5.5, 6.6, 7.7, 8.8, 9.9, 10.1, 11.2, 12.3, 13.4],
    [5.5, 6.6, 7.7, 8.8, 9.9, 10.1, 11.2, 12.3, 13.4, 14.5],
    [6.6, 7.7, 8.8, 9.9, 10.1, 11.2, 12.3, 13.4, 14.5, 15.6],
    [7.7, 8.8, 9.9, 10.1, 11.2, 12.3, 13.4, 14.5, 15.6, 16.7],
    [8.8, 9.9, 10.1, 11.2, 12.3, 13.4, 14.5, 15.6, 16.7, 17.8],
    [9.9, 10.1, 11.2, 12.3, 13.4, 14.5, 15.6, 16.7, 17.8, 18.9],
    [10.1, 11.2, 12.3, 13.4, 14.5, 15.6, 16.7, 17.8, 18.9, 19.0]
]

B10 = [
    [10.1, 9.9, 8.8, 7.7, 6.6, 5.5, 4.4, 3.3, 2.2, 1.1],
    [9.9, 8.8, 7.7, 6.6, 5.5, 4.4, 3.3, 2.2, 1.1, 0.0],
    [8.8, 7.7, 6.6, 5.5, 4.4, 3.3, 2.2, 1.1, 0.0, -1.1],
    [7.7, 6.6, 5.5, 4.4, 3.3, 2.2, 1.1, 0.0, -1.1, -2.2],
    [6.6, 5.5, 4.4, 3.3, 2.2, 1.1, 0.0, -1.1, -2.2, -3.3],
    [5.5, 4.4, 3.3, 2.2, 1.1, 0.0, -1.1, -2.2, -3.3, -4.4],
    [4.4, 3.3, 2.2, 1.1, 0.0, -1.1, -2.2, -3.3, -4.4, -5.5],
    [3.3, 2.2, 1.1, 0.0, -1.1, -2.2, -3.3, -4.4, -5.5, -6.6],
    [2.2, 1.1, 0.0, -1.1, -2.2, -3.3, -4.4, -5.5, -6.6, -7.7],
    [1.1, 0.0, -1.1, -2.2, -3.3, -4.4, -5.5, -6.6, -7.7, -8.8]
]

C10 = 10*[10*[0.0]]
